[1]
usd=0
BTC=0.200946682,localbitcoins
BTC=0.02389452,c-cex
